14.849335 27.859304
camera_id 0
resolution 1920 1080
K_matrix 2621.6 3506.28 960 540
R_matrix 0.9649518837947401 -0.013942284360666366 -0.26205624332915334 0.012765267197418577 0.9998993399702684 -0.006193373910871748 0.2621162145201258 0.002631089855492508 0.9650327286946342
world_position -5.016115278407591 -0.0631609218534636 -0.24471571019764893
camera_id 1
resolution 1920 1080
K_matrix 2588.02 3478.16 960 540
R_matrix 0.9818591132954573 -0.010163440904206218 -0.1893393411513966 0.009556848138586203 0.9999458591444478 -0.004116483150458935 0.18937092779070985 0.002232319165961438 0.9819030850643188
world_position -3.759907539969165 -0.05353985814248335 -0.41346575733661695
camera_id 2
resolution 1920 1080
K_matrix 2557.85 3449.79 960 540
R_matrix 0.9936769717528585 -0.00555815645228754 -0.11213912209804797 0.005312256939213549 0.9999827860562989 -0.0024914889713526845 0.11215103982701538 0.001880023386686709 0.9936893930085925
world_position -2.469609861673847 -0.03529174606083482 -0.5181803694002224
camera_id 3
resolution 1920 1080
K_matrix 2528.77 3416.62 960 540
R_matrix 0.9992627913688613 -0.0025695300937998745 -0.038304977493907134 0.0025293268837683503 0.9999961984659417 -0.0010979795900345878 0.03830765316782956 0.0010002843406465194 0.9992654918188715
world_position -1.207619802414172 -0.0266956658698647 -0.3869194116672893
camera_id 4
resolution 1920 1080
K_matrix 2504.86 3385.44 960 540
R_matrix 0.9993455074487734 0.0014488042493909113 0.03614495411811969 -0.0014616043904429389 0.999998878157897 0.00032771260841940353 -0.036144438777768684 -0.0003803277465896522 0.9993465039195593
world_position 0.008123182493334493 -0.008274046386224958 -0.20633938095380025
camera_id 5
resolution 1920 1080
K_matrix 2508.75 3392.18 960 540
R_matrix 0.9936533013687197 0.005838302698676026 0.11233445998732026 -0.005950345742951412 0.9999820773086747 0.0006621532804669198 -0.11232858080018444 -0.0013263796689203797 0.9936702323469241
world_position 1.2555707715425475 0.00452731463074951 -0.13983664567687204
camera_id 6
resolution 1920 1080
K_matrix 2477.2 3342.15 960 540
R_matrix 0.9808301606115835 0.009336504737564299 0.19464076066934446 -0.009790080856906963 0.9999511396238353 0.0013684596480907597 -0.19461847381857358 -0.00324777528143009 0.9808736420172839
world_position 2.556605709105297 0.036799406393320605 0.3071835194232605
camera_id 7
resolution 1920 1080
K_matrix 2474.57 3329.03 960 540
R_matrix 0.962750212865081 0.012392262541181842 0.27010823655962757 -0.01312982437738248 0.9999133733110385 0.0009238969417427064 -0.27007338880397014 -0.00443595568624058 0.9628295212326475
world_position 3.761595981623666 0.05556861992739517 0.6324281303968351
camera_id 8
resolution 1920 1080
K_matrix 2487.98 3331.58 960 540
R_matrix 0.940629407212849 0.015163623144964363 0.33909642112461386 -0.016479752052120038 0.9998636975699055 0.0010020250181138565 -0.3390350071286217 -0.006530759140695798 0.9407510898884685
world_position 4.871360913949662 0.0900668934226523 0.9698389905481534
camera_id 9
resolution 1920 1080
K_matrix 2536.04 3376.6 960 540
R_matrix 0.9119922529164496 0.01869956332259664 0.40978098656712064 -0.020618019471674243 0.9997873913776182 0.0002632781851391805 -0.4096889404089939 -0.008688980025371612 0.9121839034606313
world_position 6.085294880680981 0.12368799652760266 1.2474597830072138
